00000000: 00000000 00000000 00000011 00110100 00000000 00000001  ...4..
00000006: 10100000 00000000 00100000 00100000 00100000 00100000  ..    
0000000c: 00100000 00100000 00000000 11110101 10100000 00000000    ....
00000012: 00000001 00000000 01101001 00000000 00000000 01100111  ..i..g
00000018: 00000000 11111111 10011100 00000100 00000010 00000011  ......
0000001e: 00000010 00000001 11111111 11111111 00001011 01011010  .....Z
00000024: 00000111 10010001 00100011 00110000 00010000 00100001  ..#0.!
0000002a: 00000000 01101000 00000100 00001011 10010001 01110001  .h...q
00000030: 00100000 00110011 01100110 00000011 11111000 00000000   3f...
00000036: 00000000 00100001 01000000 00100000 01100001 01100101  .!@ ae
0000003c: 00000010 10000000 01000111 11000111 11110111 10011011  ..G...
00000042: 00001100 01010010 10111111 11000101 00101100 00010000  .R..,.
00000048: 00011101 01011101 00000110 10011001 11011001 11100001  .]....
0000004e: 00110011 00101000 00111101 00000111 10000101 11100111  3(=...
00000054: 01100100 11111000 01111011 01101101 10100111 10010101  d.{m..
0000005a: 01101011 10110111 11111000 00101101 00101100 10001011  k..-,.
